Speed_mph,Time_seconds,Cumulative_Time,Distance_miles,Sector
95.7116221255438,0.0999999999999997,0.0999999999999997,0.00265865617015399,One
96.3331261653201,0.166,0.266,0.00444202748428977,One
96.9546302050963,0.199999999999999,0.465999999999999,0.00538636834472755,One
97.5761342448726,0.234,0.699999999999999,0.00634244872591672,One
98.1976382846489,0.0660000000000007,0.766,0.00180029003521858,One
97.5761342448726,0.433999999999999,1.2,0.0117633450728541,One
98.1976382846489,0.2,1.4,0.00545542434914716,One
98.8191423244251,0.166,1.566,0.00455666045162628,One
99.4406463642014,0.133999999999999,1.7,0.0037014018368897,One
100.062150403978,0.133,1.833,0.0036967405565914,One
100.683654443754,0.100000000000001,1.933,0.00279676817899318,One
101.30515848353,0.0999999999999997,2.033,0.00281403218009805,One
101.926662523306,0.100000000000001,2.133,0.00283129618120297,One
98.8191423244251,0.0329999999999995,2.166,0.000905842137973883,One
96.9546302050963,0.0339999999999998,2.2,0.000915682618603682,One
96.3331261653201,0.0330000000000004,2.233,0.000883053656515444,One
95.0901180857676,0.0330000000000004,2.266,0.000871659415786212,One
94.4686140459913,0.0339999999999998,2.3,0.000892203577101024,One
93.2256059664388,0.0330000000000004,2.333,0.000854568054692365,One
92.6041019266625,0.0330000000000004,2.366,0.000848870934327749,One
91.36109384711,0.0339999999999998,2.4,0.000862854775222701,One
90.1180857675575,0.0330000000000004,2.433,0.000826082452869286,One
89.4965817277812,0.0330000000000004,2.466,0.00082038533250467,One
88.2535736482287,0.0339999999999998,2.5,0.000833505973344378,One
87.0105655686762,0.0330000000000004,2.533,0.000797596851046207,One
86.3890615289,0.0330000000000004,2.566,0.000791899730681592,One
85.1460534493474,0.0339999999999998,2.6,0.000804157171466054,One
84.5245494095712,0.0330000000000004,2.633,0.000774808369587744,One
83.2815413300186,0.0330000000000004,2.666,0.000763414128858513,One
82.6600372902424,0.0339999999999998,2.7,0.000780678129963396,One
81.4170292106899,0.0329999999999995,2.733,0.000746322767764645,One
80.7955251709136,0.0669999999999984,2.8,0.00150369449623641,One
80.1740211311374,0.0329999999999995,2.833,0.000734928527035414,One
79.5525170913611,0.133000000000001,2.966,0.00293902354809753,One
78.9310130515848,0.0340000000000007,3,0.000745459567709428,One
78.3095090118086,0.0329999999999995,3.033,0.000717837165941567,One
77.6880049720323,0.0329999999999995,3.066,0.000712140045576952,One
76.4449968924798,0.0340000000000007,3.1,0.000721980526206769,One
75.8234928527035,0.0329999999999995,3.133,0.000695048684483105,One
74.580484773151,0.0329999999999995,3.166,0.000683654443753874,One
73.9589807333748,0.0340000000000007,3.2,0.000698501484704109,One
72.7159726538223,0.0329999999999995,3.233,0.000666563082660027,One
72.094468614046,0.0329999999999995,3.266,0.000660865962295411,One
71.4729645742697,0.0340000000000007,3.3,0.00067502244320145,One
70.8514605344935,0.0329999999999995,3.333,0.00064947172156618,One
70.2299564947172,0.0329999999999995,3.366,0.000643774601201564,One
69.608452454941,0.0670000000000002,3.433,0.0012954906429114,One
68.9869484151647,0.0330000000000013,3.466,0.000632380360472367,One
68.3654443753884,0.0670000000000002,3.533,0.00127235688143084,One
67.7439403356122,0.266999999999999,3.8,0.00502434224155789,One
67.1224362958359,0.0340000000000007,3.834,0.000633934120571797,One
66.5009322560597,0.0329999999999995,3.867,0.000609591879013871,One
65.8794282162834,0.0329999999999995,3.9,0.000603894758649255,One
65.2579241765072,0.0999999999999997,4,0.00181272011601408,One
65.8794282162834,0.0660000000000007,4.066,0.00120778951729854,One
66.5009322560597,0.0340000000000007,4.1,0.000628064360196132,One
67.7439403356122,0.0329999999999995,4.133,0.000620986119743102,One
68.3654443753884,0.0329999999999995,4.166,0.000626683240107717,One
69.608452454941,0.0340000000000007,4.2,0.000657413162074456,One
70.8514605344935,0.0329999999999995,4.233,0.00064947172156618,One
71.4729645742697,0.0329999999999995,4.266,0.000655168841930796,One
72.7159726538223,0.0340000000000007,4.3,0.00068676196395278,One
73.9589807333748,0.0329999999999995,4.333,0.000677957323389258,One
74.580484773151,0.0329999999999995,4.366,0.000683654443753874,One
75.8234928527035,0.0340000000000007,4.4,0.000716110765831104,One
76.4449968924798,0.0329999999999995,4.433,0.00070074580484772,One
77.0665009322561,0.0329999999999995,4.466,0.000706442925212336,One
77.6880049720323,0.100000000000001,4.566,0.00215800013811204,One
83.9030453697949,0.0340000000000007,4.6,0.000792417650714746,One
84.5245494095712,0.0329999999999995,4.633,0.000774808369587723,One
85.1460534493474,0.0329999999999995,4.666,0.000780505489952339,One
86.3890615289,0.0340000000000007,4.7,0.000815896692217405,Two
87.6320696084525,0.0329999999999995,4.733,0.000803293971410801,Two
88.2535736482287,0.0329999999999995,4.766,0.000808991091775417,Two
88.875077688005,0.0340000000000007,4.8,0.000839375733720064,Two
89.4965817277812,0.0329999999999995,4.833,0.000820385332504648,Two
90.1180857675575,0.0670000000000002,4.9,0.00167719770734066,Two
90.7395898073337,0.0999999999999997,5,0.00252054416131482,Two
91.36109384711,0.0660000000000007,5.066,0.00167495338719704,Two
91.9825978868863,0.0670000000000002,5.133,0.0017118983495615,Two
92.6041019266625,0.0670000000000002,5.2,0.00172346523030178,Two
93.2256059664388,0.065999999999999,5.266,0.00170913610938468,Two
93.8471100062151,0.0999999999999997,5.366,0.0026068641668393,Two
93.2256059664388,0.167000000000002,5.533,0.00432463227677651,Two
92.6041019266625,0.232999999999999,5.766,0.00599354326358674,Two
91.9825978868863,0.734,6.5,0.0187542296802707,Two
92.6041019266625,0.233000000000001,6.733,0.00599354326358678,Two
93.2256059664388,0.167,6.9,0.00432463227677646,Two
93.8471100062151,0.166,7.066,0.00432739451695326,Two
94.4686140459913,0.0670000000000002,7.133,0.00175816587252262,Two
90.1180857675575,0.0329999999999995,7.166,0.000826082452869264,Two
88.875077688005,0.0329999999999995,7.199,0.000814688212140033,Two
87.6320696084525,0.0340000000000007,7.233,0.000827636212968735,Two
86.3890615289,0.0329999999999995,7.266,0.00079189973068157,Two
85.1460534493474,0.0670000000000002,7.333,0.00158466266141841,Two
84.5245494095712,0.0329999999999995,7.366,0.000774808369587723,Two
83.9030453697949,0.0670000000000002,7.433,0.00156152889993785,Two
83.2815413300186,0.0340000000000007,7.467,0.000786547890339081,Two
82.6600372902424,0.0329999999999995,7.5,0.000757717008493877,Two
82.0385332504661,0.0329999999999995,7.533,0.000752019888129261,Two
81.4170292106899,0.0340000000000007,7.567,0.000768938609212087,Two
80.7955251709136,0.0329999999999995,7.6,0.00074062564740003,Two
80.1740211311374,0.0329999999999995,7.633,0.000734928527035414,Two
82.0385332504661,0.0340000000000007,7.667,0.000774808369587752,Two
83.2815413300186,0.0329999999999995,7.7,0.000763414128858492,Two
83.9030453697949,0.0329999999999995,7.733,0.000769111249223108,Two
84.5245494095712,0.0329999999999995,7.766,0.000774808369587723,Two
85.1460534493474,0.200000000000003,7.966,0.00473033630274159,Two
84.5245494095712,0.0670000000000002,8.033,0.00157309578067813,Two
83.9030453697949,0.266999999999999,8.3,0.00622280919825978,Two
84.5245494095712,0.0999999999999997,8.4,0.00234790415026586,Two
85.1460534493474,0.133000000000001,8.533,0.00314567364132313,Two
85.7675574891237,0.0670000000000002,8.6,0.00159622954215869,Two
86.3890615289,0.065999999999999,8.666,0.00158379946136314,Two
87.0105655686762,0.0340000000000007,8.7,0.00082176645259307,Two
87.6320696084525,0.0329999999999995,8.733,0.000803293971410801,Two
88.2535736482287,0.0999999999999997,8.833,0.00245148815689523,Two
88.875077688005,0.0999999999999997,8.933,0.00246875215800013,Two
88.2535736482287,0.267000000000001,9.2,0.00654547337891033,Two
88.875077688005,0.266,9.466,0.00656688074028037,Three
89.4965817277812,0.167,9.633,0.0041516469857054,Three
90.1180857675575,0.167,9.8,0.00418047786755058,Three
88.875077688005,0.0329999999999995,9.833,0.000814688212140033,Three
87.6320696084525,0.0340000000000007,9.867,0.000827636212968735,Three
87.0105655686762,0.0329999999999995,9.9,0.000797596851046186,Three
86.3890615289,0.0329999999999995,9.933,0.00079189973068157,Three
85.7675574891237,0.0340000000000007,9.967,0.00081002693184174,Three
84.5245494095712,0.0329999999999995,10,0.000774808369587723,Three
83.9030453697949,0.0329999999999995,10.033,0.000769111249223108,Three
82.6600372902424,0.0340000000000007,10.067,0.000780678129963416,Three
82.0385332504661,0.0329999999999995,10.1,0.000752019888129261,Three
80.7955251709136,0.0329999999999995,10.133,0.00074062564740003,Three
80.1740211311374,0.0329999999999995,10.166,0.000734928527035414,Three
79.5525170913611,0.067000000000002,10.233,0.00148056073475593,Three
78.9310130515848,0.0329999999999995,10.266,0.000723534286306183,Three
78.3095090118086,0.0670000000000002,10.333,0.00145742697327533,Three
76.4449968924798,0.0670000000000002,10.4,0.00142272633105449,Three
77.0665009322561,0.0329999999999995,10.433,0.000706442925212336,Three
77.6880049720323,0.0330000000000013,10.466,0.00071214004557699,Three
78.3095090118086,0.0670000000000002,10.533,0.00145742697327533,Three
78.9310130515848,0.132999999999999,10.666,0.00291606242662798,Three
78.3095090118086,0.0670000000000002,10.733,0.00145742697327533,Three
77.6880049720323,0.0330000000000013,10.766,0.00071214004557699,Three
77.0665009322561,0.0999999999999979,10.866,0.00214073613700707,Three
76.4449968924798,0.234000000000002,11.1,0.00496892479801123,Three
77.0665009322561,0.0999999999999979,11.2,0.00214073613700707,Three
77.6880049720323,0.133000000000003,11.333,0.00287014018368903,Three
78.3095090118086,0.0670000000000002,11.4,0.00145742697327533,Three
78.9310130515848,0.065999999999999,11.466,0.00144706857261237,Three
79.5525170913611,0.0670000000000002,11.533,0.00148056073475589,Three
80.1740211311374,0.0670000000000002,11.6,0.00149212761549617,Three
80.7955251709136,0.0999999999999979,11.7,0.00224432014363644,Three
81.4170292106899,0.0660000000000025,11.766,0.00149264553552937,Three
82.0385332504661,0.0999999999999979,11.866,0.00227884814584623,Three
79.5525170913611,0.0670000000000002,11.933,0.00148056073475589,Three
78.9310130515848,0.0330000000000013,11.966,0.000723534286306222,Three
85.7675574891237,0.0339999999999989,12,0.000810026931841698,Three
85.1460534493474,0.0330000000000013,12.033,0.000780505489952381,Three
85.7675574891237,0.0330000000000013,12.066,0.000786202610316997,Three
83.2815413300186,0.0339999999999989,12.1,0.00078654789033904,Three
83.9030453697949,0.0330000000000013,12.133,0.000769111249223149,Three
84.5245494095712,0.166999999999998,12.3,0.00392099993094395,Three
83.9030453697949,0.065999999999999,12.366,0.00153822249844622,Three
83.2815413300186,0.434000000000001,12.8,0.0100400524825634,Three
83.9030453697949,0.132999999999999,12.933,0.00309975139838407,Three
84.5245494095712,0.0330000000000013,12.966,0.000774808369587765,Three
85.1460534493474,0.0670000000000002,13.033,0.00158466266141841,Three
85.7675574891237,0.0670000000000002,13.1,0.00159622954215869,Three
86.3890615289,0.065999999999999,13.166,0.00158379946136314,Three
87.0105655686762,0.0339999999999989,13.2,0.000821766452593027,Three
87.6320696084525,0.0330000000000013,13.233,0.000803293971410845,Three
86.3890615289,0.0330000000000013,13.266,0.000791899730681613,Three
87.0105655686762,0.0339999999999989,13.3,0.000821766452593027,Three
87.6320696084525,0.100000000000001,13.4,0.00243422415579038,Three
88.2535736482287,0.065999999999999,13.466,0.00161798218355083,Three
87.6320696084525,0.166999999999998,13.633,0.00406515434016983,Three
88.2535736482287,0.0670000000000002,13.7,0.00164249706511982,Three
88.875077688005,0.0330000000000013,13.733,0.000814688212140077,Three
89.4965817277812,0.0330000000000013,13.766,0.000820385332504692,Three
90.1180857675575,0.0670000000000002,13.833,0.00167719770734066,Three
90.7395898073337,0.0329999999999977,13.866,0.000831779573233835,Three
91.36109384711,0.0340000000000025,13.9,0.000862854775222768,Three
91.9825978868863,0.065999999999999,13.966,0.00168634762792622,Three
92.6041019266625,0.0670000000000002,14.033,0.00172346523030178,Three
93.2256059664388,0.0359999999999978,14.069,0.000932256059664331,Three
